[
    -0.021572074,
    -0.050063,
    0.04800386,
    0.017025739,
    0.0018041593,
    -0.019767331,
    0.06559891,
    -0.06530809,
    -0.021452708,
    -0.014476984,
    0.07665752,
    -0.08296237,
    -0.07756286,
    -0.042647686,
    0.09854665,
    -0.012149759,
    0.06181297,
    0.04934423,
    -0.07034004,
    0.04893727,
    0.017416323,
    -0.0097084865,
    -0.019504467,
    0.0035805425,
    -0.018171791,
    0.04941118,
    0.014393342,
    0.021773703,
    0.009699342,
    0.01198037,
    0.030648997,
    0.10931079,
    0.074625514,
    0.0219961,
    0.02698944,
    0.001846936,
    -0.02313276,
    -0.013983418,
    0.022294646,
    -0.00033756075,
    0.039661914,
    -0.0038443047,
    0.04320189,
    0.0349509,
    0.029234473,
    -0.041615717,
    -0.042769775,
    -0.042863175,
    0.01926723,
    0.01834644,
    -0.008954282,
    -0.044649333,
    -0.08182004,
    -0.116704,
    0.03715521,
    0.04331794,
    -0.056457732,
    -0.040107533,
    -0.048207294,
    0.06061046,
    0.060593657,
    0.04752927,
    -0.0060023754,
    0.03672379,
    -0.05582197,
    -0.035663053,
    0.03350061,
    0.06376521,
    -0.086101025,
    -0.0106723085,
    0.008487628,
    0.003423144,
    0.017566008,
    -0.0131877605,
    -0.05176148,
    -0.011662556,
    0.050936066,
    -0.08498091,
    -0.12659009,
    0.04552555,
    -0.08162204,
    -0.024918038,
    -0.05407917,
    -0.03279084,
    -0.023131575,
    0.051451843,
    -0.07466969,
    -0.037128516,
    0.018610582,
    0.056812596,
    0.103269376,
    -0.05382734,
    0.023828018,
    -0.029450677,
    0.01881729,
    -0.035757225,
    -0.08603831,
    -0.116973355,
    0.016658358,
    0.07624133,
    0.011548427,
    0.0009444562,
    -0.012175178,
    -0.06686033,
    0.0046765166,
    0.031714406,
    0.008763679,
    -0.0047063497,
    0.009151829,
    -0.008788222,
    -0.023637021,
    0.024680426,
    -0.040693086,
    -0.016431175,
    -0.13423227,
    -0.0057236208,
    -0.0028949955,
    -0.021857232,
    -0.0029854323,
    -0.0010848755,
    0.02611552,
    -0.06102732,
    0.04725382,
    0.012813068,
    -0.022891777,
    -0.021989077,
    -0.006525965,
    0.018947966,
    -0.06610465,
    0.038693395,
    0.06326259,
    -0.05650681,
    0.06255234,
    0.0041178437,
    -0.016787734,
    -0.035372768,
    -0.002571062,
    0.0021077632,
    -0.01653973,
    -0.055565163,
    -0.07531763,
    0.027656768,
    -0.028015446,
    -0.05558025,
    0.074564,
    -0.058675326,
    -0.028348582,
    -0.016764011,
    -0.040556256,
    0.10080486,
    -0.033470225,
    -0.051539153,
    -0.008767094,
    0.07725409,
    -0.016565725,
    -0.042584352,
    0.03368584,
    0.0748782,
    0.01475783,
    0.04323506,
    -0.056393996,
    0.03350352,
    0.00781494,
    0.006018679,
    -0.12725933,
    -0.02352541,
    0.009650344,
    0.027990809,
    0.033829663,
    0.06181958,
    0.042701934,
    0.09327945,
    -0.021118032,
    0.04629228,
    -0.06530979,
    0.0072123692,
    0.0044211117,
    -0.0072563365,
    0.024779564,
    -0.012173318,
    0.06263679,
    0.027163813,
    -0.040830083,
    0.0018819672,
    0.04550375,
    0.03714299,
    -0.0061219055,
    0.031174561,
    -0.033970382,
    0.0192811,
    -0.052553948,
    -0.061907683,
    -0.012262214,
    0.09696296,
    -0.08663657,
    -0.02197124,
    0.04201299,
    -0.032942902,
    0.0026782544,
    0.05566667,
    0.016521465,
    -0.015822519,
    0.053273812,
    -0.007835,
    0.09240542,
    -0.07324383,
    0.048186705,
    0.023931177,
    -0.02950686,
    0.045892622,
    -0.0312982,
    -0.05025628,
    -0.107768506,
    0.11985846,
    -0.030450866,
    0.042495962,
    0.10409994,
    0.015629573,
    0.01479509,
    -0.034832124,
    0.10233897,
    -0.13543491,
    -0.091831475,
    -0.08116387,
    -0.018713126,
    -0.021394754,
    -0.04498811,
    -0.01944131,
    -0.013707712,
    -0.06220658,
    0.01110276,
    0.08069543,
    -0.02203376,
    -0.06487887,
    -0.045265306,
    0.021596642,
    -0.0006399875,
    -0.07070648,
    -0.02783681,
    0.07709653,
    0.054472256,
    0.16340537,
    0.016390443,
    -0.043885212,
    -0.047481995,
    -0.033785712,
    0.030782761,
    0.111020945,
    -0.008343608,
    0.061741978,
    -0.02448874,
    -0.009000919,
    0.00018301926,
    -0.013268639,
    0.037837744,
    -0.05031966,
    -0.017890496,
    0.047389273,
    -0.031296004,
    -0.016499054,
    0.022619968,
    -0.08859841,
    -0.020489223,
    0.036399532,
    -0.07219408,
    -0.031807777,
    0.009784808,
    0.09265324,
    -0.020756772,
    0.056193095,
    -0.010740128,
    0.025799604,
    -0.0067654243,
    -0.09602512,
    0.03168237,
    -0.055266507,
    -0.030055763,
    -0.07022971,
    -0.023149328,
    0.07596133,
    0.08056766,
    -0.06212105,
    -0.06884867,
    -0.05636699,
    0.010564059,
    -0.027087634,
    0.003141454,
    -0.040028162,
    0.08454636,
    0.025069319,
    0.079004124,
    0.0060457084,
    0.00021740205,
    -0.06908626,
    0.028810922,
    0.04529766,
    0.03416483,
    0.03951278,
    0.0024555237,
    0.002096137,
    -0.08064093,
    -0.017189125,
    0.034704074,
    -0.0039635934,
    -0.0026701638,
    -0.020963747,
    -0.07035846,
    0.00075743755,
    0.032771725,
    -0.0780518,
    -0.0012600251,
    0.017514426,
    0.020237202,
    0.02043128,
    -0.0076880027,
    0.061965663,
    0.08875899,
    0.1615497,
    0.08602018,
    -0.09189941,
    0.066709556,
    -0.10140532,
    -0.09967799,
    0.070018016,
    0.01784651,
    0.042695224,
    -0.004985552,
    -0.06940396,
    0.09922507,
    -0.076322526,
    -0.044943377,
    0.10620763,
    -0.038789533,
    -0.03190701,
    -0.0027149455,
    -0.0023498766,
    -0.030348402,
    0.010946183,
    0.009387583,
    -0.0107310405,
    -0.025311157,
    0.022497363,
    -0.017611371,
    -0.03568737,
    -0.077542216,
    0.02579351,
    -0.009712104,
    0.032152586,
    0.07522211,
    -0.012914932,
    0.023350177,
    0.021222582,
    -0.08112214,
    0.043985635,
    -0.014874115,
    0.0005840166,
    -0.06908603,
    -0.021624815,
    0.06937478,
    0.013304682,
    -0.024692796,
    -0.06411867,
    -0.04951897,
    0.092777625,
    0.0028307731,
    -0.057705652,
    -0.0015722566,
    0.035266798,
    -0.0076533817,
    0.06586725,
    0.06915468,
    0.06298199,
    -0.017010331,
    0.013020412,
    -0.022846464,
    -0.013188075,
    0.053366758,
    0.020806758,
    0.047289617,
    0.06389464,
    0.051111333,
    0.0244178,
    0.099708356,
    0.015113184  
]