[
    -0.021672461,
    -0.069067955,
    0.002043045,
    0.005847835,
    -0.048351318,
    -0.007172349,
    0.09821081,
    -0.05084507,
    -0.038748786,
    -0.06704887,
    0.0017838245,
    -0.12749237,
    -0.06699983,
    -0.09094115,
    0.04445252,
    -0.05791718,
    0.16576263,
    0.007188182,
    -0.0074425554,
    0.01103969,
    -0.007152914,
    0.03905256,
    -0.050667454,
    0.05810366,
    -0.0043327305,
    0.016524762,
    0.0064289486,
    0.02082419,
    -0.029746188,
    -0.038609464,
    0.06431554,
    0.10858571,
    0.022030722,
    -0.042504407,
    -0.03077956,
    -0.028704895,
    0.0022837322,
    -0.08736259,
    0.055700198,
    0.004835383,
    0.024163913,
    0.01083586,
    -0.026738297,
    0.02599275,
    -0.02394703,
    0.03308874,
    -0.0043919715,
    -0.01789862,
    0.025998635,
    0.059531175,
    -0.030260285,
    -0.020985687,
    -0.053105284,
    -0.02929399,
    0.061148364,
    0.02119568,
    -0.019021887,
    -0.056149915,
    -0.086366296,
    0.06321018,
    0.021749752,
    -0.016177885,
    -0.03115455,
    0.03457016,
    -0.09616686,
    -0.04317122,
    -0.046812993,
    0.009545483,
    -0.06757278,
    -0.0059401146,
    -0.022131361,
    0.016484927,
    0.029975573,
    -0.0022121936,
    -0.012787976,
    -0.020136613,
    0.035149697,
    -0.08124998,
    -0.1472486,
    0.061438944,
    -0.01457666,
    0.0095153,
    -0.044352807,
    -0.005671862,
    -0.011847879,
    0.0005042586,
    -0.047569387,
    -0.060651444,
    0.018746592,
    0.003526966,
    -0.007451271,
    0.03069635,
    -0.014748559,
    0.034379374,
    0.10074022,
    0.0022355472,
    -0.039908428,
    -0.07604941,
    0.0071173687,
    0.18105873,
    0.013965527,
    0.006930146,
    -0.028891087,
    -0.13580845,
    0.050288487,
    0.010720724,
    -0.0033267585,
    0.05899693,
    0.040148847,
    0.011870013,
    -0.0033061367,
    -0.012126575,
    -0.015377752,
    0.009937752,
    -0.014641551,
    -0.04195439,
    0.0073411856,
    -0.021064442,
    0.011104481,
    -0.0020399396,
    0.0028343974,
    -0.025541933,
    0.01624246,
    -0.011240912,
    -0.02642653,
    -0.10331617,
    0.11483681,
    0.029153714,
    -0.1200396,
    0.083328456,
    0.07273909,
    -0.040701017,
    0.10540806,
    0.106830075,
    -0.0231751,
    -0.016109759,
    0.011353953,
    0.042111423,
    0.03327272,
    -0.06774081,
    -0.15264817,
    0.07771657,
    -0.07292842,
    -0.07355959,
    -0.0035385366,
    -0.062885,
    -0.004023859,
    -0.0391573,
    -0.040710747,
    0.046324763,
    -0.0205076,
    0.026153341,
    -0.04117569,
    0.0016690681,
    0.00062478025,
    -0.023982272,
    0.03706564,
    0.030955795,
    0.06624678,
    0.014717808,
    -0.04711896,
    -0.041004337,
    -0.044533934,
    -0.043773267,
    -0.13603179,
    -0.022450812,
    0.010461957,
    0.0051883096,
    0.04508062,
    0.009918745,
    0.021553615,
    0.07537157,
    -0.103073,
    0.059101313,
    -0.11101775,
    0.022765905,
    0.019979035,
    -0.00029218648,
    0.043952167,
    0.016304238,
    0.07717159,
    0.06965952,
    -0.045404445,
    -0.0014880097,
    0.0011436817,
    0.084545776,
    0.07437386,
    0.031822085,
    0.016987767,
    0.03059753,
    -0.01958856,
    -0.054019615,
    -0.008713738,
    0.03361576,
    -0.043411106,
    -0.041114863,
    0.0054587796,
    -0.003785142,
    0.043160323,
    0.019758267,
    -0.00736633,
    -0.034645233,
    0.048358828,
    -0.020482011,
    0.110614814,
    -0.0882533,
    0.094993785,
    0.024770785,
    -0.0049621966,
    0.0033281064,
    -0.03190313,
    -0.024201779,
    -0.075539336,
    0.057588417,
    -0.029162554,
    0.020563254,
    0.103643686,
    -0.009694724,
    -0.02919263,
    -0.02946907,
    0.045099977,
    -0.08036749,
    -0.052660394,
    -0.07866706,
    0.074567884,
    -0.037706774,
    -0.029283829,
    0.09279226,
    -0.0030270377,
    -0.031262305,
    -0.0039492864,
    0.084326945,
    -0.0044531524,
    -0.010766687,
    0.028773481,
    0.010459963,
    0.016712202,
    0.0012926593,
    0.0039795307,
    0.09405323,
    0.06504596,
    0.04563855,
    0.0656083,
    -0.013324873,
    -0.035222616,
    0.015794292,
    0.0036100342,
    0.03811433,
    -0.09713728,
    0.099473886,
    -0.040621135,
    -0.008623186,
    -0.031728867,
    -0.027813511,
    0.08487022,
    -0.0053167804,
    -0.03777569,
    0.026053375,
    -0.0131103285,
    0.06717478,
    0.06382636,
    -0.13312294,
    -0.06659641,
    0.046091437,
    -0.014416439,
    0.0014591023,
    -0.023151921,
    0.085065104,
    -0.02190779,
    0.047683813,
    -0.020982686,
    -0.06652871,
    0.028656552,
    -0.029816708,
    0.075590625,
    0.0016418009,
    0.008305279,
    -0.005671615,
    -0.016964989,
    0.013024271,
    0.049964413,
    -0.101040125,
    -0.03543299,
    -0.027999882,
    0.0067683673,
    -0.04447416,
    -0.0328179,
    -0.06672017,
    0.051683385,
    -0.008242904,
    0.023864068,
    0.053573646,
    0.033984333,
    -0.02341275,
    0.021500725,
    0.002464297,
    0.040292308,
    0.012321434,
    0.05666602,
    0.00719777,
    0.0008740751,
    -0.043516334,
    -0.028169187,
    0.018811569,
    -0.021227524,
    0.0016482226,
    -0.074758,
    -0.02767086,
    0.059851278,
    -0.009122458,
    -0.034611456,
    0.029321766,
    0.0000082210745,
    0.045822002,
    0.0054586725,
    -0.012749986,
    0.03608812,
    0.077578634,
    0.065614976,
    -0.091134764,
    0.041606918,
    -0.087959535,
    -0.057338055,
    0.05282555,
    -0.014356713,
    0.018820258,
    -0.0162729,
    -0.08110552,
    -0.0032433262,
    -0.024726007,
    -0.034326263,
    0.085654534,
    -0.06640644,
    -0.04042608,
    0.027003348,
    0.012258712,
    -0.07384743,
    -0.013168662,
    0.033874482,
    -0.039904553,
    -0.012621115,
    0.050749794,
    0.036914162,
    -0.11268792,
    -0.001136996,
    0.03196533,
    -0.0014840836,
    -0.026792929,
    0.036524564,
    -0.04397797,
    0.01619395,
    0.1022617,
    -0.089185484,
    0.012358472,
    0.053373527,
    -0.024503054,
    -0.06375303,
    0.07701283,
    0.07049413,
    -0.037045307,
    -0.0015561727,
    -0.05381867,
    -0.048386868,
    0.029158318,
    -0.018736806,
    -0.0064063375,
    0.029557342,
    0.047693625,
    -0.014258524,
    0.08198165,
    0.027313272,
    0.05445663,
    -0.02888558,
    0.079983436,
    -0.04263041,
    -0.008805492,
    0.0102594085,
    -0.026174467,
    0.0048273723,
    0.031502634,
    0.0933489,
    0.040146213,
    0.074205786,
    -0.009582224
]