[
    0.032777805,
    -0.0006083719,
    0.037246756,
    -0.0010411501,
    0.005996171,
    -0.06269759,
    0.08843878,
    -0.052755322,
    -0.00802042,
    -0.037448477,
    0.02086086,
    -0.09840088,
    -0.08963786,
    -0.004205972,
    -0.006489865,
    -0.042351473,
    0.0765685,
    -0.05299213,
    -0.04089283,
    -0.007208481,
    0.076377586,
    0.05009162,
    -0.053804625,
    -0.017164387,
    0.030989485,
    0.019321533,
    -0.05173843,
    -0.03589372,
    0.018783763,
    -0.03507993,
    0.08020687,
    -0.004104446,
    0.052537277,
    -0.0590292,
    -0.021840405,
    0.045382705,
    -0.031810496,
    -0.042172536,
    0.060153324,
    0.052512396,
    0.03932248,
    0.010592225,
    -0.014498399,
    0.015237543,
    -0.045317292,
    0.024161937,
    -0.06195399,
    -0.03938723,
    -0.016987246,
    0.018132774,
    -0.010143071,
    -0.029322106,
    -0.05719973,
    -0.025628222,
    -0.0022658233,
    -0.029355923,
    -0.007299279,
    -0.05929475,
    -0.045231838,
    0.10182537,
    0.040562928,
    0.020981612,
    -0.082606524,
    0.07378316,
    -0.03129451,
    -0.052668896,
    -0.05910039,
    0.0048428127,
    -0.016285235,
    0.03732679,
    -0.0040631765,
    -0.0014829147,
    -0.023843288,
    -0.072354004,
    -0.07973847,
    0.009072457,
    0.07178365,
    -0.025539193,
    -0.088381365,
    0.004082616,
    -0.006989198,
    0.0062587676,
    0.021095388,
    0.022264507,
    -0.029959964,
    0.017612804,
    -0.028219072,
    0.045096073,
    0.010667932,
    -0.00013957394,
    -0.002011372,
    -0.09843441,
    0.042744942,
    0.020430634,
    0.07435031,
    0.05660425,
    0.02019394,
    -0.03635459,
    -0.0012328216,
    0.100957885,
    -0.018665908,
    -0.026173541,
    -0.07426978,
    -0.06939732,
    0.06449906,
    0.015873188,
    -0.0127920015,
    0.060697287,
    0.039388247,
    -0.0053602667,
    -0.008558541,
    0.0174066,
    0.018480655,
    -0.015530666,
    -0.0024719865,
    -0.0064484887,
    0.0123442225,
    -0.027985167,
    -0.047227,
    0.0751677,
    -0.0047780164,
    -0.03715745,
    0.007656382,
    -0.011388897,
    -0.014727839,
    -0.08741089,
    0.059714023,
    0.033253536,
    -0.069323845,
    -0.016739354,
    0.07194502,
    -0.010796691,
    0.036957286,
    0.04144875,
    0.01789862,
    0.020649698,
    0.054805752,
    0.061679453,
    0.04391673,
    -0.06605576,
    -0.15925346,
    0.06566199,
    -0.0725845,
    -0.038779642,
    0.04992654,
    0.00014318418,
    0.009323436,
    -0.09687885,
    -0.07869037,
    0.019156966,
    0.0046680737,
    -0.021079615,
    0.016793346,
    -0.057097934,
    -0.042541046,
    -0.07411064,
    0.0365075,
    0.048069343,
    0.05829837,
    -0.0247642,
    -0.0076441453,
    0.021198876,
    -0.011288509,
    -0.053599104,
    0.03392765,
    0.06196071,
    0.007952267,
    -0.025747208,
    0.04994597,
    0.039105482,
    0.015475632,
    0.0041927057,
    -0.060510717,
    0.052649997,
    -0.073797114,
    0.021165118,
    -0.05375626,
    0.03942665,
    0.04415557,
    0.03831695,
    0.07516344,
    0.081398316,
    -0.06006967,
    0.034568973,
    0.052269716,
    0.0012587585,
    0.034175627,
    -0.008056908,
    0.041226175,
    0.015885005,
    -0.0012575769,
    -0.041472968,
    0.0264171,
    0.0512214,
    -0.06839591,
    -0.0106093185,
    -0.0003079038,
    0.06898321,
    -0.0070957183,
    -0.009206897,
    -0.032940477,
    -0.09661057,
    -0.0038757634,
    -0.053896848,
    0.102809444,
    -0.104997486,
    0.0745417,
    -0.04891362,
    0.018551478,
    0.01710522,
    -0.06805581,
    -0.0016072209,
    -0.0668607,
    0.05346435,
    -0.0258141,
    -0.016051821,
    0.032189585,
    -0.018465532,
    -0.064469315,
    0.027823102,
    0.070731446,
    -0.14684473,
    0.044030663,
    -0.14551747,
    0.08009045,
    -0.03683604,
    -0.09500155,
    0.112139136,
    0.065455355,
    -0.012111964,
    -0.027960192,
    0.16885707,
    -0.015944205,
    0.014336739,
    -0.044681467,
    -0.029323168,
    -0.029915832,
    0.06194265,
    0.010718104,
    0.057629336,
    0.07146839,
    0.05686731,
    0.046868008,
    -0.016257213,
    -0.06364058,
    0.009854841,
    0.024435217,
    0.028060338,
    -0.039224673,
    0.12461731,
    -0.023623358,
    -0.03729715,
    -0.09766683,
    -0.03527636,
    0.044884324,
    0.019770272,
    -0.03587896,
    0.071593545,
    -0.03294645,
    0.04880498,
    0.033278156,
    -0.065685034,
    -0.0634252,
    -0.00962379,
    0.023373233,
    -0.05213675,
    0.02497541,
    0.07643046,
    0.016125364,
    0.040535253,
    -0.040253166,
    -0.07670917,
    0.03437336,
    -0.015386277,
    0.078595676,
    -0.04464415,
    0.018420672,
    -0.0009140046,
    -0.036918715,
    -0.008420805,
    0.042808402,
    -0.07273196,
    -0.04600832,
    0.012324671,
    0.05139881,
    -0.030531494,
    -0.012400244,
    -0.0865909,
    0.0442592,
    -0.010074398,
    -0.012095938,
    0.072948284,
    0.026460394,
    -0.013862209,
    0.021252798,
    0.0009144199,
    -0.027696004,
    0.055164482,
    0.030514438,
    0.01742553,
    -0.07938675,
    -0.06229915,
    -0.011769248,
    0.0007859711,
    -0.10281737,
    0.041000742,
    0.00990649,
    0.048794236,
    0.07222786,
    -0.050936177,
    -0.008044386,
    0.02845536,
    -0.0039216303,
    0.06742513,
    0.04240039,
    -0.041245453,
    -0.017357048,
    0.1033603,
    0.073820926,
    -0.17909749,
    0.026609393,
    -0.06577732,
    -0.06099421,
    0.054279845,
    0.08492476,
    0.045169342,
    0.03943539,
    -0.04987799,
    0.010207003,
    0.023477918,
    -0.02341512,
    0.0996051,
    -0.010857172,
    -0.0004976271,
    0.043246645,
    -0.023288654,
    -0.10254849,
    -0.0151435835,
    -0.056454044,
    -0.05722074,
    -0.04085359,
    0.015237855,
    0.03445366,
    -0.041987207,
    -0.010326759,
    0.050347112,
    0.005202447,
    0.004482078,
    0.032829557,
    0.011553815,
    0.0139388675,
    0.105129056,
    -0.145872,
    0.02509722,
    0.0015540017,
    -0.030800214,
    -0.057625286,
    0.049717598,
    0.072337195,
    -0.01976424,
    -0.016938895,
    -0.054955065,
    -0.006169127,
    0.08573973,
    -0.059739757,
    0.013989834,
    -0.021146063,
    0.052957576,
    -0.023974372,
    0.100375846,
    0.0010340151,
    0.052705597,
    0.015471373,
    0.090848185,
    -0.012493626,
    -0.029731005,
    0.014164676,
    -0.036430877,
    -0.018642547,
    0.050972447,
    0.047610424,
    -0.035267007,
    0.03872658,
    -0.021549903
]