[
    -0.030901738,
    0.019019168,
    -0.027153237,
    0.028262625,
    0.01808503,
    -0.029953716,
    0.16115366,
    0.051450934,
    0.01103562,
    -0.06606349,
    -0.013618492,
    -0.037092827,
    -0.08736275,
    0.0054485044,
    0.0038903812,
    -0.052555855,
    0.05323237,
    -0.0014327536,
    -0.023174517,
    0.0015177153,
    0.05072322,
    -0.042277154,
    0.0442656,
    0.039381143,
    0.013445569,
    0.059607234,
    0.026769314,
    -0.017897025,
    -0.003132397,
    -0.043726407,
    0.041462217,
    0.05587636,
    0.024951985,
    -0.010316851,
    -0.0062463433,
    -0.06205326,
    -0.0034397307,
    0.0407856,
    -0.004838225,
    0.0027931924,
    0.095129706,
    -0.056742787,
    -0.03396619,
    0.06396325,
    -0.03870106,
    0.028442997,
    -0.02241352,
    0.0056968657,
    0.021140346,
    0.0027709422,
    0.10196598,
    0.0023195534,
    -0.049110103,
    -0.0132574085,
    0.043063715,
    -0.08098359,
    -0.026449831,
    0.013117585,
    -0.054387752,
    0.08220277,
    -0.009597406,
    0.052109767,
    -0.09064476,
    0.101196595,
    -0.053898353,
    -0.0306681,
    -0.0032035261,
    0.07681442,
    -0.026206918,
    0.08415948,
    0.020940103,
    -0.0018646008,
    0.025092375,
    -0.036821887,
    -0.048839904,
    0.022985969,
    0.009160436,
    -0.02803831,
    -0.08936746,
    0.068380594,
    -0.0075882636,
    -0.041859467,
    -0.029664863,
    0.00019502566,
    0.0066262963,
    0.086476654,
    -0.014715455,
    0.006595838,
    0.015302154,
    -0.05121901,
    -0.06975381,
    -0.00866413,
    0.062131763,
    -0.008509965,
    0.039352793,
    0.017374942,
    -0.01716499,
    -0.07794605,
    0.030902782,
    0.21934085,
    0.031809513,
    0.051828664,
    0.00023508888,
    -0.073179066,
    0.07724637,
    -0.04420847,
    -0.0061213244,
    0.059556276,
    0.079195134,
    0.010278964,
    -0.06261326,
    0.0001683845,
    0.0034330627,
    -0.027526464,
    -0.0039775427,
    0.003860136,
    -0.12670009,
    -0.013907709,
    -0.016312853,
    0.05329365,
    -0.0039946297,
    0.0060736816,
    0.0066121905,
    -0.069736324,
    -0.02407873,
    -0.088634245,
    0.071428314,
    0.06987991,
    -0.11046384,
    0.05234861,
    0.030537711,
    0.012901158,
    0.029455483,
    0.049410187,
    -0.024870468,
    -0.023229761,
    0.020499974,
    0.05270411,
    0.046545338,
    0.0046233134,
    -0.12616614,
    0.10507918,
    -0.014202855,
    -0.056633756,
    -0.02034059,
    -0.02721907,
    -0.012556806,
    -0.06870622,
    -0.039196976,
    0.030409675,
    0.010686244,
    -0.018905666,
    -0.009676511,
    0.049475987,
    0.037249904,
    -0.0012090777,
    0.09090199,
    0.053047992,
    0.0051091486,
    0.012114481,
    -0.047973715,
    -0.05138327,
    -0.0019076964,
    -0.0062113972,
    -0.04713663,
    -0.015068427,
    -0.0011129912,
    -0.05636858,
    0.0431317,
    0.04470324,
    0.028529461,
    0.031864293,
    -0.021484135,
    0.042995322,
    -0.10249249,
    -0.040782634,
    -0.065858774,
    0.019670546,
    -0.010681288,
    -0.020409925,
    0.03921004,
    0.0648122,
    -0.054409433,
    -0.023586659,
    -0.036086198,
    -0.003823467,
    0.063061684,
    0.0053971875,
    0.056990646,
    0.017182246,
    -0.07039935,
    -0.052629985,
    -0.0084973,
    0.06103083,
    -0.072521076,
    -0.055367272,
    -0.013196889,
    -0.024574835,
    0.0058499854,
    0.06344995,
    -0.042540565,
    -0.043190587,
    0.0012272833,
    -0.029703146,
    0.11213155,
    -0.0045282925,
    0.05821487,
    -0.03864961,
    -0.02150119,
    -0.027448729,
    -0.0015521433,
    0.03106483,
    -0.020761902,
    -0.020664359,
    0.021871401,
    -0.06912762,
    -0.020795057,
    -0.03410001,
    -0.07885393,
    -0.018611474,
    0.012609211,
    -0.0790434,
    0.025168058,
    -0.15752025,
    0.02828111,
    -0.038112633,
    -0.0033158844,
    0.01972794,
    0.029550508,
    -0.0051492588,
    -0.005257753,
    0.052487385,
    0.028824171,
    -0.03483693,
    -0.037411213,
    0.04651018,
    0.00007542724,
    0.019870628,
    0.020747893,
    0.03667438,
    0.06603687,
    0.034592263,
    -0.0057145767,
    -0.034567855,
    -0.06854188,
    0.016047526,
    0.019353136,
    0.034818172,
    -0.038079966,
    0.1068043,
    -0.0070302696,
    -0.09706799,
    -0.0014810096,
    0.064584106,
    0.07810391,
    0.03290517,
    -0.0563201,
    0.01753242,
    -0.032640778,
    -0.033192914,
    0.06860518,
    -0.061886877,
    -0.07021662,
    -0.066517785,
    0.07718839,
    -0.05259589,
    0.0040103747,
    0.110784195,
    -0.010093373,
    -0.012911838,
    -0.0892272,
    -0.075925924,
    -0.014717477,
    -0.03599925,
    0.07255552,
    -0.05945758,
    -0.018216196,
    -0.01281021,
    0.0052927947,
    0.042251844,
    0.090045266,
    -0.10135228,
    -0.04879407,
    -0.016101109,
    0.030955534,
    -0.029481864,
    -0.07591337,
    -0.07708609,
    0.03804765,
    0.024339305,
    -0.0018422568,
    0.08684882,
    0.114042275,
    -0.05742112,
    0.009849736,
    0.026729368,
    0.0575165,
    0.03287263,
    -0.038968846,
    0.02790772,
    -0.10311196,
    -0.0071375403,
    0.007667541,
    -0.044653423,
    -0.0113854995,
    0.006882772,
    -0.034360323,
    0.024546519,
    0.023019614,
    -0.051026307,
    0.05007887,
    0.025781995,
    -0.035192903,
    -0.007832402,
    0.039497864,
    -0.00050672865,
    -0.0069541205,
    0.1435662,
    0.026346963,
    -0.16284004,
    -0.02069864,
    -0.07609629,
    -0.054508746,
    0.04343675,
    0.010531271,
    0.054964557,
    -0.021236842,
    -0.048528083,
    -0.00001412726,
    -0.050568085,
    0.00028134882,
    0.10550853,
    0.016920842,
    -0.023030188,
    0.023642791,
    0.03804097,
    -0.07527587,
    -0.008088553,
    -0.023371613,
    -0.017827544,
    -0.007528225,
    0.06005888,
    0.028051443,
    -0.008653367,
    -0.04368283,
    -0.02754855,
    0.023321787,
    -0.02889647,
    0.040516444,
    -0.038672052,
    0.07165756,
    0.081509866,
    -0.097913995,
    0.035000186,
    -0.00028405053,
    -0.014891343,
    -0.0021815463,
    0.04545071,
    0.026225938,
    -0.01412621,
    -0.029718721,
    -0.13389792,
    -0.026761271,
    0.086565845,
    -0.038642786,
    -0.014369208,
    -0.03787515,
    0.03720744,
    -0.053394243,
    0.07205717,
    0.0614787,
    0.07336581,
    0.049697906,
    0.035722967,
    -0.007465801,
    -0.061805982,
    -0.02605708,
    0.017724717,
    -0.06558014,
    -0.039986152,
    0.06303727,
    0.011194183,
    0.10414276,
    -0.0013205431
]